# FeHinit FeH sigma_FeH
-6.0 -6.000102258520713 0.0001075073876375548
-6.0 -5.998954133099001 0.0029290095628114153
-6.0 -5.976935590669849 0.05560498230128326
-6.0 -5.980920970843568 0.039050016012283154
-6.0 -5.94223622240075 0.1208890602173331
-6.0 -5.898273643929426 0.243847487019275
-6.0 -5.832145642908247 0.3904994998919731
-6.0 -5.778915759226363 0.5168325114186304
-6.0 -5.722377842163461 0.6622443727242969
-6.0 -5.639266616278201 0.8767189747798761
-6.0 -5.473813385993066 1.0886952414232658
-6.0 -5.091604775493948 1.3045213540464982
-6.0 -4.775346469400965 1.4249555986987843
-6.0 -4.406382813218889 1.496034235666927
-6.0 -4.18794904533945 1.483088383093497
-6.0 -3.8188267914505656 1.4383801875015731
-6.0 -3.5084612279725533 1.37414032515373
-6.0 -3.1785616964022156 1.310099096213592
-6.0 -2.927343002415972 1.2423860881675386
-6.0 -2.7419507454866716 1.1896638775262727
-6.0 -2.563328125762034 1.0477912694298412
-6.0 -2.4432104591197934 1.0185825856905173
-6.0 -2.311711042237 0.8805925366924849
-6.0 -2.209810373123425 1.1557406654228384
-6.0 -1.8754861641901217 0.9875596718399936
-6.0 -1.6145294115842252 1.2256221773477978
-6.0 -1.595145467820642 0.8478574555103883
-6.0 -1.4848448328450574 1.1053828081078438
-6.0 -1.4646395593683557 0.9337428948381938
-6.0 -1.4258790557089887 0.9925521329294014
-6.0 -1.335455506538226 0.8598326140633173
-6.0 -1.3349025581775815 0.8376789065695768
-6.0 -1.328454220224634 0.7731598116286237
-6.0 -1.3194708256580756 0.7555977877502056
-5.0 -5.000047975108038 4.103059636953462e-05
-5.0 -4.9999440273618765 0.00039318925265814566
-5.0 -4.993283165970988 0.015775984770112467
-5.0 -4.993351328089637 0.013689931124695241
-5.0 -4.9701620731005 0.06300590168974733
-5.0 -4.949222223391789 0.12528138903838748
-5.0 -4.913890552183996 0.20134981992067716
-5.0 -4.875560228834131 0.28856539205596465
-5.0 -4.848906006664528 0.36873304918932004
-5.0 -4.7992400667507376 0.514850217493076
-5.0 -4.726187058381048 0.6664170500049861
-5.0 -4.476338928580436 0.8591722188818796
-5.0 -4.274505786159334 0.9459789409652544
-5.0 -4.034933068169121 1.0440048333167582
-5.0 -3.889310400852103 1.0524613943412646
-5.0 -3.5960408165158175 1.058099524241242
-5.0 -3.370312384240273 1.0540115813163382
-5.0 -3.080773384109043 0.9889979472573542
-5.0 -2.860767231636061 0.9328904139113148
-5.0 -2.677984661718131 0.8994315128085548
-5.0 -2.503500457204086 0.8065160544483383
-5.0 -2.405473829517438 0.7656674665019333
-5.0 -2.263434185105445 0.6888510067465038
-5.0 -2.1321929692646346 0.8716422231679078
-5.0 -1.8350809638229235 0.7957363877614517
-5.0 -1.665397924760851 1.004314716467375
-5.0 -1.5665935625192102 0.7281606100892957
-5.0 -1.4823143068454805 0.9491164984975112
-5.0 -1.4433757986204208 0.7395502971295108
-5.0 -1.4099314576630004 0.8699879957466896
-5.0 -1.3329930503709335 0.7553158732626278
-5.0 -1.3282269791860701 0.7732254416408044
-5.0 -1.3285357075648423 0.6647283983331875
-5.0 -1.3021968253520384 0.6884306925456145
-4.0 -4.000025000628614 5.722114659261423e-05
-4.0 -3.998874133898995 0.0021575928014665254
-4.0 -3.9996127020641428 0.003358361997066153
-4.0 -3.990804424560515 0.02220151147223463
-4.0 -3.9818850796552683 0.04382769222748896
-4.0 -3.9707020760932394 0.07197806481066688
-4.0 -3.947223048888016 0.12086357058591411
-4.0 -3.9352689020322247 0.15537279365239626
-4.0 -3.9098379368007055 0.22673926825332769
-4.0 -3.887517112807194 0.3026727004067386
-4.0 -3.790677450310327 0.4215081358643179
-4.0 -3.656428904978862 0.5111369304590689
-4.0 -3.5463412840477044 0.5784741040853274
-4.0 -3.4481967891141934 0.6060792565593932
-4.0 -3.2581702028181234 0.6560311890258829
-4.0 -3.1311980007115308 0.6816484287395755
-4.0 -2.9368679458249964 0.6681917133534149
-4.0 -2.74866025262676 0.6307531921567044
-4.0 -2.6054955970482805 0.6128157826654781
-4.0 -2.450267845121264 0.5514580149786624
-4.0 -2.3456856006817657 0.5342184187488288
-4.0 -2.2121842792644713 0.5228240199255753
-4.0 -2.0534545176362693 0.6169383262297453
-4.0 -1.8031912704592301 0.6388788906484767
-4.0 -1.646420375157913 0.7608277615133432
-4.0 -1.5371748900709665 0.6138707721387722
-4.0 -1.5039421668671562 0.7144008495504772
-4.0 -1.4169381001669874 0.7056469202704752
-4.0 -1.3987723893949036 0.7087520087225815
-4.0 -1.3307903642589511 0.7136574549832828
-4.0 -1.3126782371403396 0.672084036470707
-4.0 -1.2984135793189213 0.6001134199058874
-4.0 -1.2750694695045024 0.6360190404149505
-3.25 -3.2500401681415934 3.147787610645328e-05
-3.25 -3.2497602674241657 0.00038436816475590516
-3.25 -3.249989355165211 0.0007549096298827397
-3.25 -3.247395419745062 0.0063568729590147725
-3.25 -3.244501002163831 0.012907126928160163
-3.25 -3.2406769823600254 0.022258243517240518
-3.25 -3.2302013981708946 0.04310466086331262
-3.25 -3.2281735665744447 0.058895864944120954
-3.25 -3.213921710081804 0.08723533827441755
-3.25 -3.207910609703406 0.12067216693091827
-3.25 -3.155836630292162 0.193263960843219
-3.25 -3.1108273166397606 0.23567926183256346
-3.25 -3.0530995719428695 0.2725775710418819
-3.25 -3.0185023646998945 0.3116919899451593
-3.25 -2.9112438252036323 0.3432925904371862
-3.25 -2.832342143834385 0.37712789201225094
-3.25 -2.7079340587581506 0.3959246099746126
-3.25 -2.58751657741308 0.4036182281678775
-3.25 -2.4797126680281005 0.39446932874121243
-3.25 -2.3619262866807404 0.37012619639499084
-3.25 -2.2666817535624912 0.3635091362427489
-3.25 -2.1495082502102454 0.370197144029648
-3.25 -1.9813461302647877 0.44914220230668317
-3.25 -1.7579620853866242 0.4882287967843726
-3.25 -1.6123134225877425 0.5702012468248926
-3.25 -1.5060712459017138 0.5275769666220129
-3.25 -1.4592334024737967 0.5828800084395479
-3.25 -1.4048482021204745 0.601209984130589
-3.25 -1.3522070606442458 0.5673609295498933
-3.25 -1.317240844573666 0.6177727746387952
-3.25 -1.3026066932541198 0.5760818606689677
-3.25 -1.2748347990261581 0.5602944424292752
-3.25 -1.2594593255044018 0.5823594943536968
-3.0 -3.000042264705882 2.9558823529220096e-05
-3.0 -2.9998862037941216 0.00022786560395215608
-3.0 -3.000013760665201 0.000448934732815814
-3.0 -2.998405219384959 0.003844185751395017
-3.0 -2.996720646074714 0.007955067880201106
-3.0 -2.9941059085328843 0.013871454382792633
-3.0 -2.9871641250718346 0.027997763419530898
-3.0 -2.9855019861111125 0.0385806161870735
-3.0 -2.9756755987895467 0.05792250023937042
-3.0 -2.9716954443667243 0.08098554874535609
-3.0 -2.9429105039482044 0.12501196145484145
-3.0 -2.9110092520367092 0.16601968084931443
-3.0 -2.8673713934619416 0.19571280550237227
-3.0 -2.8283369467406376 0.2294676092411378
-3.0 -2.759618522855807 0.2583451438962242
-3.0 -2.7021408758390812 0.2841976030142145
-3.0 -2.5985024374144436 0.3110575515937604
-3.0 -2.4997381036314335 0.31708275938906944
-3.0 -2.414009911047967 0.3137828198677003
-3.0 -2.305737603163739 0.3065187542712205
-3.0 -2.2203103736881364 0.3101286368980951
-3.0 -2.1101297613978436 0.31828488484916756
-3.0 -1.9616354273520622 0.3935371749758673
-3.0 -1.7376761246771528 0.45054711836621114
-3.0 -1.5912220788824276 0.4954632569680856
-3.0 -1.4942984044781398 0.5015722664758734
-3.0 -1.4372728461575834 0.5299090078211871
-3.0 -1.3804336601758473 0.5456181600464355
-3.0 -1.3440102122290067 0.5578594809457086
-3.0 -1.3072532761007158 0.562985124290991
-3.0 -1.2932507724574809 0.5604632616703555
-3.0 -1.262049199537319 0.5289780207154834
-3.0 -1.259267128723886 0.5681000248360376
-2.75 -2.7499769200898005 0.00014867762878438318
-2.75 -2.7500212051205666 0.0002677131774620182
-2.75 -2.749046494566311 0.002259490509694005
-2.75 -2.7480832569818805 0.004752827073546509
-2.75 -2.746453022621173 0.00838202078790216
-2.75 -2.741949850165343 0.017376021080321605
-2.75 -2.74076204962727 0.02420593217006753
-2.75 -2.7345799116746226 0.03689115995695515
-2.75 -2.732008813141119 0.051815833010899155
-2.75 -2.709735704472155 0.08686997213035377
-2.75 -2.6928439567832254 0.10739118036576195
-2.75 -2.664492094033989 0.13221553435663083
-2.75 -2.638441694453221 0.1572042318511693
-2.75 -2.5806063258575738 0.18382660861540076
-2.75 -2.5440774677376936 0.20429891180871562
-2.75 -2.467675857441435 0.229887681481591
-2.75 -2.3882114806754755 0.244417701508607
-2.75 -2.3230851156163506 0.2402204014390972
-2.75 -2.2321774233169167 0.24573831118438957
-2.75 -2.1594101982997724 0.24683450290355718
-2.75 -2.0582410726788365 0.26892123386401395
-2.75 -1.9092901477849018 0.3434329399440585
-2.75 -1.7023447218562249 0.3995258234054878
-2.75 -1.5641259376326497 0.4388788386415222
-2.75 -1.4715137442779853 0.45526896572353226
-2.75 -1.4139826659677042 0.48454581101769845
-2.75 -1.365681204184668 0.5079686463394615
-2.75 -1.3203968085387563 0.5113007882385731
-2.75 -1.2939589423196345 0.5141840600575895
-2.75 -1.2765975369781617 0.5323839940620484
-2.75 -1.2472792964274344 0.5048101740841449
-2.75 -1.2460768024132398 0.5320589419686433
-2.5 -2.5000119670588234 0.00015034823529376482
-2.5 -2.499429630394343 0.0013016200672967511
-2.5 -2.4988816013140913 0.0027637497993968055
-2.5 -2.497876173478102 0.004921894194496719
-2.5 -2.4953062009495923 0.01054075717630376
-2.5 -2.4946073216860936 0.014802181237431211
-2.5 -2.4908243993301893 0.022750227625477494
-2.5 -2.48876107042218 0.03198141379807106
-2.5 -2.4742284650553734 0.05580839919560496
-2.5 -2.4637922180006258 0.06893922196049553
-2.5 -2.4433954209551803 0.08881266577231109
-2.5 -2.428360571620553 0.1030337250098105
-2.5 -2.3921765982571253 0.12330936073010162
-2.5 -2.362793525289112 0.13930437933245737
-2.5 -2.3113665992440353 0.16001375169132365
-2.5 -2.2540547212023285 0.17513640454556026
-2.5 -2.2012496409322697 0.1780470541920002
-2.5 -2.132602056577084 0.18531918915503545
-2.5 -2.06988244099604 0.18702507648196842
-2.5 -1.9860360412374556 0.21656173179598392
-2.5 -1.8520048387003312 0.2885668600112384
-2.5 -1.658085758524891 0.3378446575698573
-2.5 -1.5301519948439077 0.387495427082815
-2.5 -1.4396004400705442 0.40941027248340406
-2.5 -1.3837288237970617 0.43945539022988245
-2.5 -1.334551473063024 0.4592214435774507
-2.5 -1.2967224387295746 0.4669560285276131
-2.5 -1.2723333550630342 0.4811372542010849
-2.5 -1.2473641430213678 0.4816361724852381
-2.5 -1.2268464341197705 0.4757314978649749
-2.5 -1.220506271434687 0.4976839935506976
-2.25 -2.250009711325014 8.6884130010176e-05
-2.25 -2.2496814540983605 0.0007473950819672324
-2.25 -2.249357217635259 0.0015845774740228793
-2.25 -2.2487725094284032 0.0028401272349172025
-2.25 -2.2473174717068 0.006223526242618857
-2.25 -2.2467604195981465 0.00870425193884284
-2.25 -2.2443601890676046 0.013384973367882566
-2.25 -2.243237931112638 0.019061950161092356
-2.25 -2.2350869916478686 0.03288597393032949
-2.25 -2.228589946291054 0.04110696614882695
-2.25 -2.217581428864417 0.05441607074044993
-2.25 -2.2067911836882366 0.06367116428707173
-2.25 -2.1835094931524877 0.07964876167487334
-2.25 -2.164395375715662 0.09089893705847449
-2.25 -2.1293160873411687 0.1062152716856524
-2.25 -2.0904132147106917 0.11818362593694276
-2.25 -2.052634016370118 0.1233891353809192
-2.25 -2.0026569603487894 0.13236487515481493
-2.25 -1.952232658638527 0.13809673804211295
-2.25 -1.886028536791558 0.16429236191361662
-2.25 -1.7702242445000476 0.23180984140144628
-2.25 -1.5943043586312629 0.28548050427871047
-2.25 -1.4791966671837602 0.3310668312168458
-2.25 -1.399104528945833 0.3612499145183593
-2.25 -1.3411772886835565 0.3880954688009389
-2.25 -1.2976810037012918 0.4115530049665388
-2.25 -1.261262351159282 0.41861655447125634
-2.25 -1.2375192734380853 0.43065665220563704
-2.25 -1.21286945119966 0.43716751738642157
-2.25 -1.1959397184527871 0.43918767112901486
-2.25 -1.1861497771580358 0.44952832168575707
-2.0 -2.0000257961804295 6.534452528191031e-05
-2.0 -1.9998281190043263 0.00042626572198872336
-2.0 -1.9996486146788992 0.0009097155963303206
-2.0 -1.9993030622217212 0.0016269533975153754
-2.0 -1.998450092379916 0.003585497815323232
-2.0 -1.9980564054340109 0.005002083699450487
-2.0 -1.9968209192322792 0.007839443379449095
-2.0 -1.9961634567835995 0.011031859775420283
-2.0 -1.9918430256349278 0.018511938832587317
-2.0 -1.9856434613868144 0.026109169431648153
-2.0 -1.9801214367649864 0.03221652276651548
-2.0 -1.9738142208135774 0.038511783056289606
-2.0 -1.9595996646993739 0.04837147490302874
-2.0 -1.9471223784044502 0.056093511633089274
-2.0 -1.9259968927506097 0.06850518147343268
-2.0 -1.8998329015111637 0.07415088854389215
-2.0 -1.8748912282539945 0.08124574166054746
-2.0 -1.8405699909734712 0.08881484535465141
-2.0 -1.8046602655195692 0.09507278289619407
-2.0 -1.754966040693801 0.11923868546691918
-2.0 -1.6666916162938374 0.17496568753912825
-2.0 -1.516673631870505 0.22954874935422184
-2.0 -1.4136460541910632 0.27029822189010266
-2.0 -1.3386326398752284 0.30663835746581825
-2.0 -1.2852197415216218 0.33179099947689733
-2.0 -1.2420248610924376 0.351425166971294
-2.0 -1.212204414101324 0.3665527410519587
-2.0 -1.187797358912155 0.3768141648234256
-2.0 -1.1676101352051989 0.38914852141231393
-2.0 -1.1519504178200048 0.39143391125205174
-2.0 -1.1398152626301359 0.397323841516262
-1.75 -1.7500366898755848 5.086177376987196e-05
-1.75 -1.7499201909002904 0.00024796960309789867
-1.75 -1.7497942345269133 0.0005107132972627763
-1.75 -1.7496003560731461 0.0009214701332340139
-1.75 -1.7491021728931706 0.002035855459273409
-1.75 -1.7489086837377408 0.0028747725953573323
-1.75 -1.7481992319127764 0.004508261627389669
-1.75 -1.7477007265526252 0.006377921769365099
-1.75 -1.745210572771494 0.010685986330906443
-1.75 -1.7424258784201503 0.014628479543490712
-1.75 -1.738912254536003 0.01858496098641859
-1.75 -1.7344404649991498 0.023051616797770545
-1.75 -1.726379655194326 0.0287180877729794
-1.75 -1.719328522568729 0.033147268720519305
-1.75 -1.705926830835587 0.04091312462112612
-1.75 -1.6896783007836844 0.04588986871623153
-1.75 -1.674029777841708 0.05237831954180049
-1.75 -1.6519721666403038 0.056457419941248636
-1.75 -1.6277727360031744 0.06352374156888868
-1.75 -1.5937399980429638 0.08093961619839843
-1.75 -1.527789743151319 0.12453481158814031
-1.75 -1.4087465207827417 0.1727943319051517
-1.75 -1.3217708261989733 0.21209789557107192
-1.75 -1.2561899257081193 0.24569116851942419
-1.75 -1.209311914408339 0.27279635575137595
-1.75 -1.170881181757356 0.2914104179158218
-1.75 -1.1429804779190897 0.3069167904137342
-1.75 -1.1233048994422536 0.31993596509979605
-1.75 -1.102610719930244 0.3300493262164523
-1.75 -1.0884558313449288 0.33464816230232597
-1.75 -1.078272929188646 0.3419079325146556
-1.5 -1.4999159999999976 -3.199999999797518e-05
-1.5 -1.4999820802728225 0.00014898058761814465
-1.5 -1.4999012912751677 0.00029761610738256514
-1.5 -1.4997855054573406 0.0005276216756340993
-1.5 -1.4995022922764036 0.0011616286642668402
-1.5 -1.4993761780346686 0.0016298134981301237
-1.5 -1.4989550448336195 0.0025525096843348814
-1.5 -1.4986988563677228 0.0036410621501268073
-1.5 -1.497333352667117 0.006002688973869777
-1.5 -1.4957795812945363 0.008168261518647623
-1.5 -1.49354646983556 0.011097318996755728
-1.5 -1.4911294228391028 0.013091035216357202
-1.5 -1.4864670751103641 0.016798869087081524
-1.5 -1.4820924323983793 0.01962273984692773
-1.5 -1.474240192326221 0.02436191266609651
-1.5 -1.4648406523395532 0.027101593431135808
-1.5 -1.455198934473258 0.03183659275319139
-1.5 -1.4417461354285919 0.034299170790077764
-1.5 -1.4265394598669292 0.03944488712703568
-1.5 -1.403968510117068 0.051657737608969724
-1.5 -1.357438614243807 0.0849042688410728
-1.5 -1.269548137207311 0.12426433678983065
-1.5 -1.201629173967446 0.15707114212026654
-1.5 -1.1493366403626546 0.18828378822283096
-1.5 -1.1090948899250543 0.21370905439057994
-1.5 -1.0768284344106716 0.23218746157405518
-1.5 -1.0520815045034269 0.24671166703753308
-1.5 -1.0339926625911127 0.2593661501532367
-1.5 -1.0169540744893064 0.2694199731870917
-1.5 -1.0039782343602428 0.27464611059350497
-1.5 -0.9949053436818948 0.28191758489251334
-1.25 -1.2500040768 8.602240000016276e-05
-1.25 -1.249923930958904 0.00015626410958903677
-1.25 -1.24989749829396 0.0003047042950537152
-1.25 -1.2497254759054175 0.0006560760251421063
-1.25 -1.2496463590278173 0.0009173931726549793
-1.25 -1.2494092696629213 0.0014451685393259564
-1.25 -1.2492686328365157 0.0020922682027856706
-1.25 -1.2483918652650492 0.003631021007006517
-1.25 -1.2476936461975194 0.004529850841699881
-1.25 -1.2461583958513114 0.006468201305134599
-1.25 -1.245066988251813 0.00750950584251779
-1.25 -1.2421947651865795 0.009538956544203251
-1.25 -1.2397528202687842 0.011310631995407256
-1.25 -1.2353602975800724 0.01391391829094701
-1.25 -1.2295825797988893 0.0158786504504147
-1.25 -1.2240804364513735 0.018449336791349694
-1.25 -1.2158711656409702 0.020504960842446483
-1.25 -1.2063978771740338 0.023978746607593755
-1.25 -1.1927278054566204 0.0320992888112695
-1.25 -1.1620320100434816 0.054859099225383484
-1.25 -1.102127656667998 0.08398135143613007
-1.25 -1.0524421303639933 0.10934360216203072
-1.25 -1.012634564365518 0.13513434867093177
-1.25 -0.9795189969991743 0.1559121878101293
-1.25 -0.9542691304977288 0.17349079497481096
-1.25 -0.933977841554431 0.18726408602523076
-1.25 -0.9190865227702862 0.19890267746642407
-1.25 -0.9056252394901206 0.20944274132507812
-1.25 -0.8932779997600655 0.213745647034743
-1.25 -0.8869416220672007 0.22120188685302364
-1.0 -0.9998950943396226 1.7169811320778485e-05
-1.0 -0.9999960897057424 0.00010718217312633574
-1.0 -0.9999207740219349 0.00016197962023250883
-1.0 -0.9998537418358594 0.0003787079210752236
-1.0 -0.999792914385139 0.0005122479914027401
-1.0 -0.9996849343036387 0.000823764717691363
-1.0 -0.9995876406702945 0.0011671170957777647
-1.0 -0.9990766264794383 0.002059463189568633
-1.0 -0.9986364780638366 0.002665352376642676
-1.0 -0.9977853232365309 0.0036010130003253336
-1.0 -0.9971728849217573 0.004215156521570893
-1.0 -0.9956748444144826 0.005492566031607383
-1.0 -0.9941621607733432 0.0064078486504427126
-1.0 -0.9916015106522849 0.007913923142447024
-1.0 -0.9884681107060449 0.009084245065711552
-1.0 -0.9852153188730853 0.010654803621175464
-1.0 -0.9803744083299769 0.01177281821816991
-1.0 -0.9749795952357566 0.013904981698727953
-1.0 -0.9663892736809037 0.01911326025341825
-1.0 -0.9471054958803742 0.033735248051499904
-1.0 -0.9102784487122034 0.0528631826380335
-1.0 -0.8748488976124014 0.0727117374735586
-1.0 -0.8467801671402777 0.09158148943947718
-1.0 -0.8228324610366258 0.10865202063626431
-1.0 -0.8035122636146043 0.12229562548763526
-1.0 -0.7875881173228166 0.13376804025660824
-1.0 -0.7762009444381381 0.14392030520925214
-1.0 -0.7656024424065175 0.15351294156547635
-1.0 -0.7559333537522324 0.1571745117734488
-1.0 -0.7496623539069541 0.16343836276604298
-0.75 -0.7499947660803361 0.00011028091362560838
-0.75 -0.7498987988249955 0.00020197115898165646
-0.75 -0.7499013102177693 0.000297702864949993
-0.75 -0.7498236443911639 0.00046076782503184926
-0.75 -0.7497866874194206 0.0006695126212932763
-0.75 -0.749491114508397 0.001132463058682338
-0.75 -0.7491994489181708 0.0015124543251610356
-0.75 -0.7488094317090314 0.0020335759048845524
-0.75 -0.7484178258879502 0.0023732003400631506
-0.75 -0.7475406037735847 0.003121886792452947
-0.75 -0.7466625132941321 0.0036319206488395683
-0.75 -0.7452330805826584 0.004467279880968315
-0.75 -0.7433628176546195 0.005195503508315948
-0.75 -0.7415639966619595 0.006040724098086926
-0.75 -0.7387938007751488 0.006689624595705075
-0.75 -0.7357225239401829 0.007940672872085356
-0.75 -0.730788518647767 0.011155678231406913
-0.75 -0.7193077965637446 0.01991680491526258
-0.75 -0.6958015788447077 0.03260376052834507
-0.75 -0.6743880895754194 0.04540135129836569
-0.75 -0.6553579197841387 0.05861763899074752
-0.75 -0.6385829900146872 0.07079740882781019
-0.75 -0.6250304266576198 0.08135293137073332
-0.75 -0.6138873087701295 0.09027899681706672
-0.75 -0.6053559140585867 0.09786909489386995
-0.75 -0.5976780087148407 0.10534928108331236
-0.75 -0.5910946603526065 0.109354272432924
-0.75 -0.5860397232918895 0.11429593798935506
-0.5 -0.5000146896551725 6.32758620689553e-05
-0.5 -0.4999057352941177 9.044117647058249e-05
-0.5 -0.500001105129446 0.00019805988386160077
-0.5 -0.49991923268648747 0.00026843866832829057
-0.5 -0.4998352028495533 0.0003456870321178592
-0.5 -0.49975535144455896 0.0006278187243250777
-0.5 -0.49954661050915716 0.0008577456131939967
-0.5 -0.49927702902208193 0.0011811085173502054
-0.5 -0.4991392029025217 0.001357549774764311
-0.5 -0.4985960485307671 0.001702258934350654
-0.5 -0.4981469476536471 0.0020370606286293567
-0.5 -0.4973270928678169 0.002557870778426819
-0.5 -0.49625383704968035 0.0029633130334981916
-0.5 -0.4952320065691357 0.003428669519210295
-0.5 -0.4936921976828413 0.003836019308828177
-0.5 -0.49186725117593005 0.00457215964483509
-0.5 -0.4890471582354537 0.006279946911575016
-0.5 -0.4824442898965209 0.01151543999213715
-0.5 -0.4687300839901463 0.019303610858157814
-0.5 -0.4553058177377474 0.026932201209321976
-0.5 -0.443534353807189 0.036115195279084904
-0.5 -0.43269440205504156 0.04427945160451363
-0.5 -0.4238710424626267 0.05135190225072902
-0.5 -0.4161746008752431 0.05761187206225768
-0.5 -0.4103242425131955 0.06305348308671405
-0.5 -0.40515413524659527 0.06834356387276996
-0.5 -0.4007431745783255 0.0716350423990592
-0.5 -0.3971692788830792 0.0749653493298322
-0.25 -0.2499974627582893 0.00010520134550694686
-0.25 -0.24989332554161917 0.00011015678449257182
-0.25 -0.24990682901896127 0.00018923561417970896
-0.25 -0.24985871940667492 0.00035922867737948666
-0.25 -0.2497243205932522 0.000476227991558002
-0.25 -0.24960978579792828 0.0006599449632187301
-0.25 -0.24951716978210375 0.0007842176750359518
-0.25 -0.24920301149682952 0.0009983597322744046
-0.25 -0.2489526975533576 0.0011634044768349932
-0.25 -0.24850243045685283 0.0014403736040608985
-0.25 -0.24789573509337082 0.0016661200889064999
-0.25 -0.24730824136979324 0.0019624019122563567
-0.25 -0.2464325180587276 0.002164303447103582
-0.25 -0.2454049503973171 0.002579755729140573
-0.25 -0.24384751325177978 0.0036469739732528854
-0.25 -0.23987674865892253 0.006700761162545352
-0.25 -0.23223256219395305 0.011092950734535171
-0.25 -0.22412870223121087 0.01589164222969163
-0.25 -0.21695463060739978 0.021466793751264077
-0.25 -0.2103702573080233 0.02652835242104489
-0.25 -0.2048235479135901 0.03110721603855028
-0.25 -0.20006166318920324 0.03524834466297357
-0.25 -0.1961429085648022 0.038779251358738706
-0.25 -0.19297747666260381 0.04227913876468343
-0.25 -0.1900723644170424 0.04464878256931069
-0.25 -0.1877192581441184 0.046941574629626004
0.0 -9.760975609756205e-07 9.834487804878049e-05
0.0 8.743243243243244e-05 8.240540540540541e-05
0.0 0.00010196528050215768 0.00020260513927030204
0.0 0.00011311501795220994 0.00031212145598613346
0.0 0.00018876566898799827 0.00039005697140317085
0.0 0.0003061746776084408 0.00040483235638921457
0.0 0.00043355716031552057 0.0005602073102988557
0.0 0.0005955378663540445 0.0006398905041031652
0.0 0.000849934429291986 0.0008008348589575938
0.0 0.001173523116840328 0.000952280194390676
0.0 0.001530911189470663 0.0010650829062282176
0.0 0.002026696841601532 0.0012157102408677622
0.0 0.0025828519862144024 0.001447809903863595
0.0 0.0035055079955602034 0.0021051930146785006
0.0 0.005621514125134364 0.003747300324225371
0.0 0.010240643109612882 0.006411611712418568
0.0 0.014847134694744735 0.009216272608421288
0.0 0.018999341683984834 0.012477942094319636
0.0 0.022918165099281608 0.015505425974553592
0.0 0.02626591002724299 0.01827400736468435
0.0 0.029165542244333865 0.02082318094879955
0.0 0.0314377369895239 0.02307277244072945
0.0 0.033476470463386296 0.025247260334433468
0.0 0.03521481336848082 0.026805937676495455
0.0 0.036684944703756585 0.028270550253345295
0.25 0.24998724907292952 8.170519159449631e-05
0.25 0.25011380284301604 0.00011980407910994573
0.25 0.2501135369589345 0.00020894406215315236
0.25 0.2501971660567246 0.00019748993595608593
0.25 0.2502470147272612 0.00032607180329940956
0.25 0.2503329950024498 0.00035870622243998595
0.25 0.2504621875075803 0.0004820160097028303
0.25 0.25066443623544743 0.0005218490683413582
0.25 0.2508501355629159 0.0006172531289386652
0.25 0.25112498236775815 0.0007078891687657425
0.25 0.25144602698178997 0.0008226743432777849
0.25 0.25195562226521895 0.0011794131418871423
0.25 0.2531217088309148 0.002086101135431143
0.25 0.25585254779586275 0.003678939643212544
0.25 0.25834020177137146 0.005259523332100502
0.25 0.26084618652975533 0.007098706657373531
0.25 0.26307597243722164 0.008872139695738626
0.25 0.26502394117647055 0.010606235294117654
0.25 0.2667627828192348 0.012079967149724166
0.25 0.2680571438618503 0.013462030396813788
0.25 0.26928356586095215 0.014781718878887233
0.25 0.27037654847756665 0.015679824791856263
0.25 0.27121523998989405 0.016603991677560964
